,Confirmed
480,2.0
539,2.0
608,2.0
675,2.0
743,2.0
814,2.0
885,2.0
955,3.0
1027,3.0
1099,3.0
1172,3.0
1244,3.0
1317,3.0
1390,3.0
1464,3.0
1539,3.0
1614,3.0
1689,3.0
1764,3.0
1839,3.0
1916,3.0
1979,20.0
2060,62.0
2132,155.0
2215,229.0
2301,322.0
2393,453.0
2490,655.0
2593,888.0
2704,1128.0
2820,1694.0
2945,2036.0
3086,2502.0
3237,3089.0
3397,3858.0
3571,4636.0
3769,5883.0
3993,7375.0
4248,9172.0
4514,10149.0
4720,12462.0
4936,12462.0
5215,17660.0
5384,21157.0
5633,24747.0
5891,27980.0
6163,31506.0
6439,35713.0
6723,41035.0
7015,47021.0
7314,53578.0
7691,59138.0
7989,63927.0
8285,69176.0
8586,74386.0
8888,80589.0
9195,86498.0
9502,92472.0
9813,97689.0
10125,101739.0
10438,105792.0
10751,110574.0
11064,115242.0
11379,119827.0
11694,124632.0
12010,128948.0
12329,132547.0
12649,135586.0
12969,139422.0
13289,143626.0
13609,147577.0
13930,152271.0
14251,156363.0
14571,159516.0
14891,162488.0
